6.98553344000000000000e+08
2.98548544000000000000e+08
1.85616800000000000000e+08
1.40578256000000000000e+08
1.15884480000000000000e+08
9.98878720000000000000e+07
8.86867920000000000000e+07
8.02097120000000000000e+07
7.40008800000000000000e+07
6.85528400000000000000e+07
6.39678880000000000000e+07
5.95812360000000000000e+07
5.60912520000000000000e+07
5.25459320000000000000e+07
4.93410200000000000000e+07
4.68551680000000000000e+07
4.42581320000000000000e+07
4.21121400000000000000e+07
3.99951920000000000000e+07
3.79513640000000000000e+07
3.63496320000000000000e+07
3.47196480000000000000e+07
3.32160340000000000000e+07
3.17246260000000000000e+07
3.04645400000000000000e+07
2.91068640000000000000e+07
2.77782900000000000000e+07
2.66880840000000000000e+07
2.54618740000000000000e+07
2.43056800000000000000e+07
2.32823100000000000000e+07
2.23810200000000000000e+07
2.15179360000000000000e+07
2.08022760000000000000e+07
1.98216900000000000000e+07
1.89935360000000000000e+07
1.82373320000000000000e+07
1.75696640000000000000e+07
1.69719880000000000000e+07
1.64150200000000000000e+07
1.58859800000000000000e+07
1.53407120000000000000e+07
1.49233300000000000000e+07
1.44629930000000000000e+07
1.40489860000000000000e+07
1.35726220000000000000e+07
1.31634620000000000000e+07
1.28498020000000000000e+07
1.25279620000000000000e+07
1.22511680000000000000e+07
1.19671400000000000000e+07
1.16616390000000000000e+07
1.13746830000000000000e+07
1.11225450000000000000e+07
1.08990210000000000000e+07
1.06724400000000000000e+07
1.03942100000000000000e+07
1.01674600000000000000e+07
9.94417600000000000000e+06
9.75632600000000000000e+06
9.58841600000000000000e+06
9.43783100000000000000e+06
9.28060900000000000000e+06
9.14708400000000000000e+06
8.98806100000000000000e+06
8.81597600000000000000e+06
8.65902500000000000000e+06
8.52389900000000000000e+06
8.40555100000000000000e+06
8.29624250000000000000e+06
8.18708150000000000000e+06
8.07562600000000000000e+06
7.97979600000000000000e+06
7.88299800000000000000e+06
7.77687300000000000000e+06
7.67259800000000000000e+06
7.57794350000000000000e+06
7.47806500000000000000e+06
7.38076800000000000000e+06
7.28910100000000000000e+06
7.19391050000000000000e+06
7.10879900000000000000e+06
7.01893550000000000000e+06
6.93971150000000000000e+06
6.86225900000000000000e+06
6.79434700000000000000e+06
6.71177300000000000000e+06
6.63331400000000000000e+06
6.54795650000000000000e+06
6.45785200000000000000e+06
6.39543400000000000000e+06
6.33493750000000000000e+06
6.27605250000000000000e+06
6.21290250000000000000e+06
6.14740100000000000000e+06
6.06989900000000000000e+06
6.00832700000000000000e+06
5.96083000000000000000e+06
5.91148000000000000000e+06
5.86662700000000000000e+06
5.80842700000000000000e+06
5.74632800000000000000e+06
5.67714500000000000000e+06
5.60887200000000000000e+06
5.54257400000000000000e+06
5.48219100000000000000e+06
5.40479400000000000000e+06
5.34497500000000000000e+06
5.28478200000000000000e+06
5.23322300000000000000e+06
5.19353200000000000000e+06
5.14774400000000000000e+06
5.10922900000000000000e+06
5.06880850000000000000e+06
5.02570700000000000000e+06
4.98595950000000000000e+06
4.93392700000000000000e+06
4.89214100000000000000e+06
4.85410950000000000000e+06
4.80976650000000000000e+06
4.76920650000000000000e+06
4.72795600000000000000e+06
4.68869600000000000000e+06
4.64402100000000000000e+06
4.60637600000000000000e+06
4.57103600000000000000e+06
4.53525000000000000000e+06
4.50112000000000000000e+06
4.46825600000000000000e+06
4.43610900000000000000e+06
4.40449000000000000000e+06
4.36943100000000000000e+06
4.33959700000000000000e+06
4.30961550000000000000e+06
4.27597400000000000000e+06
4.24337300000000000000e+06
4.21265700000000000000e+06
4.17861750000000000000e+06
4.14596450000000000000e+06
4.11931600000000000000e+06
4.09356800000000000000e+06
4.06552150000000000000e+06
4.03721950000000000000e+06
4.00733825000000000000e+06
3.98001725000000000000e+06
3.95414850000000000000e+06
3.92693525000000000000e+06
3.90049400000000000000e+06
3.87776650000000000000e+06
3.83868725000000000000e+06
3.80729400000000000000e+06
3.77378950000000000000e+06
3.73911600000000000000e+06
3.71121725000000000000e+06
3.68616325000000000000e+06
3.66424650000000000000e+06
3.64036175000000000000e+06
3.61638350000000000000e+06
3.59381075000000000000e+06
3.57096900000000000000e+06
3.54569500000000000000e+06
3.52208125000000000000e+06
3.49572950000000000000e+06
3.47239500000000000000e+06
3.44974100000000000000e+06
3.42697900000000000000e+06
3.40569725000000000000e+06
3.38167850000000000000e+06
3.35754200000000000000e+06
3.33695550000000000000e+06
3.31572600000000000000e+06
3.29429025000000000000e+06
3.27706700000000000000e+06
3.25873400000000000000e+06
3.23331750000000000000e+06
3.21003325000000000000e+06
3.18626700000000000000e+06
3.16253100000000000000e+06
3.14301050000000000000e+06
3.12555625000000000000e+06
3.10616950000000000000e+06
3.08961575000000000000e+06
3.07222400000000000000e+06
3.05630200000000000000e+06
3.03867600000000000000e+06
3.02129550000000000000e+06
3.00174000000000000000e+06
2.98567225000000000000e+06
2.96754425000000000000e+06
2.95001050000000000000e+06
2.93325900000000000000e+06
2.91374550000000000000e+06
2.89565250000000000000e+06
2.88022350000000000000e+06
2.86462725000000000000e+06
2.84867950000000000000e+06
2.83507350000000000000e+06
2.81463800000000000000e+06
2.78801375000000000000e+06
2.76975850000000000000e+06
2.75101650000000000000e+06
2.73793900000000000000e+06
2.72375675000000000000e+06
2.70780150000000000000e+06
2.69486800000000000000e+06
2.68231100000000000000e+06
2.66405100000000000000e+06
2.64814200000000000000e+06
2.63280975000000000000e+06
2.61876650000000000000e+06
2.60573900000000000000e+06
2.59391250000000000000e+06
2.58010500000000000000e+06
2.56742600000000000000e+06
2.55314850000000000000e+06
2.53986725000000000000e+06
2.52775875000000000000e+06
2.51573350000000000000e+06
2.50388200000000000000e+06
2.49236350000000000000e+06
2.48086325000000000000e+06
2.46848275000000000000e+06
2.45648150000000000000e+06
2.44642100000000000000e+06
2.43539300000000000000e+06
2.42286550000000000000e+06
2.41149425000000000000e+06
2.40077450000000000000e+06
2.38834475000000000000e+06
2.37389450000000000000e+06
2.36284425000000000000e+06
2.35213550000000000000e+06
2.34269200000000000000e+06
2.33149050000000000000e+06
2.32103250000000000000e+06
2.31239325000000000000e+06
2.30126625000000000000e+06
2.29064400000000000000e+06
2.28109800000000000000e+06
2.27128800000000000000e+06
2.26033225000000000000e+06
2.24874750000000000000e+06
2.23485875000000000000e+06
2.21980625000000000000e+06
2.20279650000000000000e+06
2.18766450000000000000e+06
2.17868275000000000000e+06
2.17040450000000000000e+06
2.16096025000000000000e+06
2.15194200000000000000e+06
2.14297050000000000000e+06
2.13470725000000000000e+06
2.12449950000000000000e+06
2.11302275000000000000e+06
2.10143025000000000000e+06
2.09209425000000000000e+06
2.08333712500000000000e+06
2.06846900000000000000e+06
2.05514987500000000000e+06
2.03895025000000000000e+06
2.02346887500000000000e+06
2.01402112500000000000e+06
2.00533375000000000000e+06
1.99659075000000000000e+06
1.98924875000000000000e+06
1.97959875000000000000e+06
1.97208475000000000000e+06
1.96339612500000000000e+06
1.95525862500000000000e+06
1.94696575000000000000e+06
1.93936750000000000000e+06
1.93369500000000000000e+06
1.92585875000000000000e+06
1.91729200000000000000e+06
1.90580475000000000000e+06
1.89288950000000000000e+06
1.87937000000000000000e+06
1.86742162500000000000e+06
1.85835325000000000000e+06
1.85078600000000000000e+06
1.84146500000000000000e+06
1.83042425000000000000e+06
1.82036775000000000000e+06
1.81269700000000000000e+06
1.80183012500000000000e+06
1.79294512500000000000e+06
1.78270625000000000000e+06
1.77002300000000000000e+06
1.76046487500000000000e+06
1.75317950000000000000e+06
1.74443525000000000000e+06
1.73701150000000000000e+06
1.73061900000000000000e+06
1.72507900000000000000e+06
1.71886800000000000000e+06
1.71303612500000000000e+06
1.70817387500000000000e+06
1.70177812500000000000e+06
1.69566387500000000000e+06
1.68992100000000000000e+06
1.68269875000000000000e+06
1.67718525000000000000e+06
1.67109262500000000000e+06
1.66482762500000000000e+06
1.65823887500000000000e+06
1.65216600000000000000e+06
1.64005225000000000000e+06
1.62900012500000000000e+06
1.62307262500000000000e+06
1.61754375000000000000e+06
1.61123300000000000000e+06
1.60577900000000000000e+06
1.60071500000000000000e+06
1.59535437500000000000e+06
1.58839087500000000000e+06
1.58301262500000000000e+06
1.57681675000000000000e+06
1.57135712500000000000e+06
1.56535587500000000000e+06
1.56014400000000000000e+06
1.55348962500000000000e+06
1.54878100000000000000e+06
1.54345600000000000000e+06
1.53795175000000000000e+06
1.53160250000000000000e+06
1.52670750000000000000e+06
1.52246962500000000000e+06
1.51806712500000000000e+06
1.51373375000000000000e+06
1.50951687500000000000e+06
1.50487200000000000000e+06
1.49968050000000000000e+06
1.49288150000000000000e+06
1.48816425000000000000e+06
1.48327200000000000000e+06
1.47883750000000000000e+06
1.47371887500000000000e+06
1.46896175000000000000e+06
1.46331575000000000000e+06
1.45929525000000000000e+06
1.45499675000000000000e+06
1.44769075000000000000e+06
1.43831362500000000000e+06
1.43219375000000000000e+06
1.42696675000000000000e+06
1.42326575000000000000e+06
1.41844475000000000000e+06
1.41420600000000000000e+06
1.41030700000000000000e+06
1.40637012500000000000e+06
1.40177375000000000000e+06
1.39728450000000000000e+06
1.38961425000000000000e+06
1.38201487500000000000e+06
1.37764250000000000000e+06
1.37393050000000000000e+06
1.36964950000000000000e+06
1.36614025000000000000e+06
1.36244550000000000000e+06
1.35843025000000000000e+06
1.35468987500000000000e+06
1.35035412500000000000e+06
1.34651575000000000000e+06
1.34336850000000000000e+06
1.34011125000000000000e+06
1.33701862500000000000e+06
1.33325150000000000000e+06
1.32831400000000000000e+06
1.32245612500000000000e+06
1.31802712500000000000e+06
1.31445850000000000000e+06
1.31102275000000000000e+06
1.30754950000000000000e+06
1.30431987500000000000e+06
1.30096550000000000000e+06
1.29754525000000000000e+06
1.29415275000000000000e+06
1.28815637500000000000e+06
1.28205650000000000000e+06
1.27745975000000000000e+06
1.27326387500000000000e+06
1.27052312500000000000e+06
1.26754212500000000000e+06
1.26464875000000000000e+06
1.26098300000000000000e+06
1.25767975000000000000e+06
1.25398325000000000000e+06
1.24922487500000000000e+06
1.24431462500000000000e+06
1.24053550000000000000e+06
1.23691075000000000000e+06
1.23248062500000000000e+06
1.22717650000000000000e+06
1.22309487500000000000e+06
1.21911950000000000000e+06
1.21526850000000000000e+06
1.21137187500000000000e+06
1.20860950000000000000e+06
1.20595837500000000000e+06
1.20299300000000000000e+06
1.20027750000000000000e+06
1.19755675000000000000e+06
1.19501050000000000000e+06
1.19229450000000000000e+06
1.18988650000000000000e+06
1.18712625000000000000e+06
1.18410262500000000000e+06
1.18158087500000000000e+06
1.17826450000000000000e+06
1.17561587500000000000e+06
1.17257187500000000000e+06
1.16931262500000000000e+06
1.16669062500000000000e+06
1.16361837500000000000e+06
1.16078225000000000000e+06
1.15720037500000000000e+06
1.15431625000000000000e+06
1.15092012500000000000e+06
1.14840425000000000000e+06
1.14585800000000000000e+06
1.14365775000000000000e+06
1.14102025000000000000e+06
1.13847737500000000000e+06
1.13509762500000000000e+06
1.13129000000000000000e+06
1.12824687500000000000e+06
1.12503875000000000000e+06
1.12038637500000000000e+06
1.11606525000000000000e+06
1.11360287500000000000e+06
1.11105862500000000000e+06
1.10864175000000000000e+06
1.10658125000000000000e+06
1.10455937500000000000e+06
1.10256162500000000000e+06
1.10047275000000000000e+06
1.09752087500000000000e+06
1.09407650000000000000e+06
1.09116625000000000000e+06
1.08826262500000000000e+06
1.08606900000000000000e+06
1.08376787500000000000e+06
1.08157450000000000000e+06
1.07920737500000000000e+06
1.07667562500000000000e+06
1.07426887500000000000e+06
1.07146900000000000000e+06
1.06865000000000000000e+06
1.06661162500000000000e+06
1.06458075000000000000e+06
1.06265912500000000000e+06
1.06061075000000000000e+06
1.05869287500000000000e+06
1.05693525000000000000e+06
1.05498250000000000000e+06
1.05306012500000000000e+06
1.05090537500000000000e+06
1.04867337500000000000e+06
1.04690356250000000000e+06
1.04505887500000000000e+06
1.04298400000000000000e+06
1.04096537500000000000e+06
1.03910562500000000000e+06
1.03703043750000000000e+06
1.03529693750000000000e+06
1.03353350000000000000e+06
1.03157462500000000000e+06
1.02971893750000000000e+06
1.02796318750000000000e+06
1.02626018750000000000e+06
1.02460112500000000000e+06
1.02291475000000000000e+06
1.02134425000000000000e+06
1.01937350000000000000e+06
1.01726812500000000000e+06
1.01561343750000000000e+06
1.01374381250000000000e+06
1.01189731250000000000e+06
1.00988431250000000000e+06
1.00806912500000000000e+06
1.00613287500000000000e+06
1.00450225000000000000e+06
1.00283900000000000000e+06
1.00109093750000000000e+06
9.98563125000000000000e+05
9.96367125000000000000e+05
9.94714375000000000000e+05
9.92582250000000000000e+05
9.90863625000000000000e+05
9.89076437500000000000e+05
9.87423500000000000000e+05
9.86030125000000000000e+05
9.84255562500000000000e+05
9.82574187500000000000e+05
9.81082500000000000000e+05
9.79467875000000000000e+05
9.77981500000000000000e+05
9.76178312500000000000e+05
9.74752000000000000000e+05
9.73303875000000000000e+05
9.71704000000000000000e+05
9.70167000000000000000e+05
9.68514125000000000000e+05
9.67049125000000000000e+05
9.65532000000000000000e+05
9.64120812500000000000e+05
9.62641187500000000000e+05
9.61134625000000000000e+05
9.59650812500000000000e+05
9.57874500000000000000e+05
9.56207875000000000000e+05
9.54518000000000000000e+05
9.52852750000000000000e+05
9.51472000000000000000e+05
9.49930500000000000000e+05
9.48547937500000000000e+05
9.47065250000000000000e+05
9.45652625000000000000e+05
9.44241625000000000000e+05
9.42902687500000000000e+05
9.41432750000000000000e+05
9.40142000000000000000e+05
9.38858812500000000000e+05
9.37588062500000000000e+05
9.36228062500000000000e+05
9.34955375000000000000e+05
9.33712750000000000000e+05
9.32438187500000000000e+05
9.31119250000000000000e+05
9.29670687500000000000e+05
9.28229187500000000000e+05
9.26844250000000000000e+05
9.25440062500000000000e+05
9.23620500000000000000e+05
9.22073000000000000000e+05
9.20273875000000000000e+05
9.18863312500000000000e+05
9.17271062500000000000e+05
9.15660187500000000000e+05
9.14015937500000000000e+05
9.11930562500000000000e+05
9.09846562500000000000e+05
9.08596562500000000000e+05
9.07180250000000000000e+05
9.05977625000000000000e+05
9.04737687500000000000e+05
9.03485312500000000000e+05
9.02377687500000000000e+05
9.01119000000000000000e+05
8.99953500000000000000e+05
8.98509000000000000000e+05
8.97035875000000000000e+05
8.95761937500000000000e+05
8.94404000000000000000e+05
8.92930375000000000000e+05
8.91751562500000000000e+05
8.90430437500000000000e+05
8.89178937500000000000e+05
8.87779250000000000000e+05
8.86272000000000000000e+05
8.84634187500000000000e+05
8.83259500000000000000e+05
8.81703312500000000000e+05
8.80397125000000000000e+05
8.79029125000000000000e+05
8.77810000000000000000e+05
8.76655625000000000000e+05
8.75566750000000000000e+05
8.74385062500000000000e+05
8.73279312500000000000e+05
8.72322000000000000000e+05
8.71358250000000000000e+05
8.70035562500000000000e+05
8.68727687500000000000e+05
8.67472750000000000000e+05
8.66193687500000000000e+05
8.64877750000000000000e+05
8.63608000000000000000e+05
8.62575750000000000000e+05
8.61457937500000000000e+05
8.60405875000000000000e+05
8.59399437500000000000e+05
8.58457125000000000000e+05
8.57484125000000000000e+05
8.56558750000000000000e+05
8.55488312500000000000e+05
8.54373062500000000000e+05
8.53283250000000000000e+05
8.52213125000000000000e+05
8.51027500000000000000e+05
8.49854687500000000000e+05
8.48753187500000000000e+05
8.47531500000000000000e+05
8.46297312500000000000e+05
8.45233312500000000000e+05
8.44207687500000000000e+05
8.43234937500000000000e+05
8.42309875000000000000e+05
8.41315500000000000000e+05
8.40145875000000000000e+05
8.39113750000000000000e+05
8.37960750000000000000e+05
8.36993125000000000000e+05
8.35906687500000000000e+05
8.34699187500000000000e+05
8.33494375000000000000e+05
8.32584750000000000000e+05
8.31605625000000000000e+05
8.30732375000000000000e+05
8.29526187500000000000e+05
8.28471125000000000000e+05
8.27536000000000000000e+05
8.26608062500000000000e+05
8.25692375000000000000e+05
8.24744125000000000000e+05
8.23462500000000000000e+05
8.22505500000000000000e+05
8.21417250000000000000e+05
8.20451812500000000000e+05
8.19428125000000000000e+05
8.18465000000000000000e+05
8.17430625000000000000e+05
8.16502812500000000000e+05
8.15559812500000000000e+05
8.14419000000000000000e+05
8.12942250000000000000e+05
8.11389812500000000000e+05
8.10123937500000000000e+05
8.08770375000000000000e+05
8.07494750000000000000e+05
8.06665562500000000000e+05
8.05810187500000000000e+05
8.04987187500000000000e+05
8.04114562500000000000e+05
8.03285000000000000000e+05
8.02511250000000000000e+05
8.01663937500000000000e+05
8.00831937500000000000e+05
8.00080875000000000000e+05
7.99312000000000000000e+05
7.98467750000000000000e+05
7.97481312500000000000e+05
7.96406937500000000000e+05
7.95056812500000000000e+05
7.93684250000000000000e+05
7.92876625000000000000e+05
7.92107500000000000000e+05
7.91164187500000000000e+05
7.90251562500000000000e+05
7.89393000000000000000e+05
7.88572250000000000000e+05
7.87625250000000000000e+05
7.86818187500000000000e+05
7.86054500000000000000e+05
7.85238062500000000000e+05
7.84456375000000000000e+05
7.83497750000000000000e+05
7.82474375000000000000e+05
7.81716250000000000000e+05
7.80843375000000000000e+05
7.80033625000000000000e+05
7.79119937500000000000e+05
7.78175687500000000000e+05
7.77492875000000000000e+05
7.76749875000000000000e+05
7.76035312500000000000e+05
7.75289437500000000000e+05
7.74566062500000000000e+05
7.73777500000000000000e+05
7.72898812500000000000e+05
7.72146000000000000000e+05
7.71395562500000000000e+05
7.70527250000000000000e+05
7.69607187500000000000e+05
7.68808937500000000000e+05
7.67925125000000000000e+05
7.66247500000000000000e+05
7.64425500000000000000e+05
7.63358000000000000000e+05
7.62513000000000000000e+05
7.61503187500000000000e+05
7.60695500000000000000e+05
7.59702437500000000000e+05
7.58746437500000000000e+05
7.57988875000000000000e+05
7.57325500000000000000e+05
7.56576312500000000000e+05
7.55892000000000000000e+05
7.55108875000000000000e+05
7.54362250000000000000e+05
7.53607250000000000000e+05
7.52829687500000000000e+05
7.52003000000000000000e+05
7.51239125000000000000e+05
7.50340937500000000000e+05
7.49569562500000000000e+05
7.48588437500000000000e+05
7.47629812500000000000e+05
7.46325875000000000000e+05
7.45363437500000000000e+05
7.44433062500000000000e+05
7.43624500000000000000e+05
7.42909812500000000000e+05
7.42223625000000000000e+05
7.41537812500000000000e+05
7.40654562500000000000e+05
7.39911312500000000000e+05
7.39137937500000000000e+05
7.38519125000000000000e+05
7.37608562500000000000e+05
7.36807437500000000000e+05
7.35941437500000000000e+05
7.35233812500000000000e+05
7.34463937500000000000e+05
7.33797125000000000000e+05
7.33058312500000000000e+05
7.31994750000000000000e+05
7.30895625000000000000e+05
7.30126875000000000000e+05
7.29445625000000000000e+05
7.28748187500000000000e+05
7.27972687500000000000e+05
7.27304625000000000000e+05
7.26592812500000000000e+05
7.25854000000000000000e+05
7.25199500000000000000e+05
7.24481625000000000000e+05
7.23866062500000000000e+05
7.23256750000000000000e+05
7.22570187500000000000e+05
7.21654250000000000000e+05
7.20485312500000000000e+05
7.19716562500000000000e+05
7.18829250000000000000e+05
7.18149250000000000000e+05
7.17345625000000000000e+05
7.16539687500000000000e+05
7.15856250000000000000e+05
7.15155187500000000000e+05
7.14509687500000000000e+05
7.13825125000000000000e+05
7.13183312500000000000e+05
7.12379312500000000000e+05
7.11725812500000000000e+05
7.10926500000000000000e+05
7.09813562500000000000e+05
7.08376937500000000000e+05
7.07707875000000000000e+05
7.07079562500000000000e+05
7.06525000000000000000e+05
7.05950187500000000000e+05
7.05471500000000000000e+05
7.04902625000000000000e+05
7.04369687500000000000e+05
7.03319000000000000000e+05
7.02180625000000000000e+05
7.01393875000000000000e+05
7.00393187500000000000e+05
6.99683812500000000000e+05
6.99012000000000000000e+05
6.98388687500000000000e+05
6.97663250000000000000e+05
6.97013062500000000000e+05
6.96184375000000000000e+05
6.95388125000000000000e+05
6.94570250000000000000e+05
6.93903562500000000000e+05
6.93176687500000000000e+05
6.92490062500000000000e+05
6.91703312500000000000e+05
6.91063312500000000000e+05
6.90386750000000000000e+05
6.89808312500000000000e+05
6.89087250000000000000e+05
6.88391062500000000000e+05
6.87669937500000000000e+05
6.87136250000000000000e+05
6.86548875000000000000e+05
6.85961125000000000000e+05
6.85298500000000000000e+05
6.84411562500000000000e+05
6.83473500000000000000e+05
6.82894687500000000000e+05
6.82247937500000000000e+05
6.81635937500000000000e+05
6.80946562500000000000e+05
6.80242812500000000000e+05
6.79528187500000000000e+05
6.78611687500000000000e+05
6.77812687500000000000e+05
6.77169687500000000000e+05
6.76585875000000000000e+05
6.76064125000000000000e+05
6.75567125000000000000e+05
6.75097562500000000000e+05
6.74606250000000000000e+05
6.74010062500000000000e+05
6.73487500000000000000e+05
6.72775875000000000000e+05
6.72217875000000000000e+05
6.71479062500000000000e+05
6.70798937500000000000e+05
6.69929812500000000000e+05
6.69293500000000000000e+05
6.68638437500000000000e+05
6.68175625000000000000e+05
6.67641937500000000000e+05
6.67071937500000000000e+05
6.66373125000000000000e+05
6.65937375000000000000e+05
6.65511437500000000000e+05
6.64947062500000000000e+05
6.64416312500000000000e+05
6.63808625000000000000e+05
6.63174250000000000000e+05
6.62506812500000000000e+05
6.61625250000000000000e+05
6.61081250000000000000e+05
6.60376062500000000000e+05
6.59734000000000000000e+05
6.59119687500000000000e+05
6.58429750000000000000e+05
6.57659625000000000000e+05
6.57132625000000000000e+05
6.56592625000000000000e+05
6.56101937500000000000e+05
6.55594812500000000000e+05
6.55142000000000000000e+05
6.54657000000000000000e+05
6.54050250000000000000e+05
6.53430875000000000000e+05
6.52984375000000000000e+05
6.52588812500000000000e+05
6.52129812500000000000e+05
6.51688812500000000000e+05
6.51182750000000000000e+05
6.50770187500000000000e+05
6.50265312500000000000e+05
6.49817312500000000000e+05
6.49357812500000000000e+05
6.48699250000000000000e+05
6.47839375000000000000e+05
6.47283000000000000000e+05
6.46612062500000000000e+05
6.46082375000000000000e+05
6.45511687500000000000e+05
6.44860375000000000000e+05
6.43831937500000000000e+05
6.43367750000000000000e+05
6.42944187500000000000e+05
6.42581437500000000000e+05
6.42146500000000000000e+05
6.41706750000000000000e+05
6.41269125000000000000e+05
6.40736500000000000000e+05
6.40210875000000000000e+05
6.39569437500000000000e+05
6.38910250000000000000e+05
6.38240125000000000000e+05
6.37795625000000000000e+05
6.37253375000000000000e+05
6.36811062500000000000e+05
6.36367500000000000000e+05
6.35915750000000000000e+05
6.35522000000000000000e+05
6.35076875000000000000e+05
6.34656312500000000000e+05
6.34235875000000000000e+05
6.33825625000000000000e+05
6.33372000000000000000e+05
6.32983875000000000000e+05
6.32537875000000000000e+05
6.32130500000000000000e+05
6.31663875000000000000e+05
6.31129812500000000000e+05
6.30580687500000000000e+05
6.30120750000000000000e+05
6.29495375000000000000e+05
6.29142000000000000000e+05
6.28711562500000000000e+05
6.28337000000000000000e+05
6.27942687500000000000e+05
6.27492125000000000000e+05
6.27061500000000000000e+05
6.26448625000000000000e+05
6.25724125000000000000e+05
6.25021750000000000000e+05
6.24570187500000000000e+05
6.24113750000000000000e+05
6.23674875000000000000e+05
6.23241500000000000000e+05
6.22831562500000000000e+05
6.22278375000000000000e+05
6.21913125000000000000e+05
6.21520000000000000000e+05
6.21117312500000000000e+05
6.20626312500000000000e+05
6.20184625000000000000e+05
6.19668312500000000000e+05
6.19218812500000000000e+05
6.18666250000000000000e+05
6.18267625000000000000e+05
6.17875125000000000000e+05
6.17351250000000000000e+05
6.16845125000000000000e+05
6.16113062500000000000e+05
6.15092375000000000000e+05
6.14734875000000000000e+05
6.14366312500000000000e+05
6.14044750000000000000e+05
6.13687375000000000000e+05
6.13215562500000000000e+05
6.12865250000000000000e+05
6.12435000000000000000e+05
6.12094562500000000000e+05
6.11686500000000000000e+05
6.11336312500000000000e+05
6.10669000000000000000e+05
6.10318500000000000000e+05
6.09915312500000000000e+05
6.09527000000000000000e+05
6.09124375000000000000e+05
6.08728875000000000000e+05
6.08242875000000000000e+05
6.07860875000000000000e+05
6.07480500000000000000e+05
6.06970750000000000000e+05
6.06396687500000000000e+05
6.06005312500000000000e+05
6.05515625000000000000e+05
6.05037375000000000000e+05
6.04528062500000000000e+05
6.04141125000000000000e+05
6.03709562500000000000e+05
6.03348187500000000000e+05
6.02938812500000000000e+05
6.02599937500000000000e+05
6.02169312500000000000e+05
6.01749937500000000000e+05
6.01320687500000000000e+05
6.00933125000000000000e+05
6.00521875000000000000e+05
6.00120625000000000000e+05
5.99606750000000000000e+05
5.99084000000000000000e+05
5.98499625000000000000e+05
5.98011750000000000000e+05
5.97514500000000000000e+05
5.97094937500000000000e+05
5.96642312500000000000e+05
5.96321750000000000000e+05
5.95990125000000000000e+05
5.95680750000000000000e+05
5.95383562500000000000e+05
5.95075375000000000000e+05
5.94747687500000000000e+05
5.94436625000000000000e+05
5.94129437500000000000e+05
5.93762375000000000000e+05
5.93379312500000000000e+05
5.92881000000000000000e+05
5.92450875000000000000e+05
5.91925187500000000000e+05
5.91505500000000000000e+05
5.91025375000000000000e+05
5.90623062500000000000e+05
5.90234437500000000000e+05
5.89711250000000000000e+05
5.89118625000000000000e+05
5.88722000000000000000e+05
5.88283750000000000000e+05
5.87920875000000000000e+05
5.87563875000000000000e+05
5.87175000000000000000e+05
5.86692812500000000000e+05
5.86322937500000000000e+05
5.85929000000000000000e+05
5.85544250000000000000e+05
5.85041562500000000000e+05
5.84561062500000000000e+05
5.83986562500000000000e+05
5.83693375000000000000e+05
5.83363062500000000000e+05
5.83049375000000000000e+05
5.82755687500000000000e+05
5.82468500000000000000e+05
5.82106625000000000000e+05
5.81745000000000000000e+05
5.81411625000000000000e+05
5.80995312500000000000e+05
5.80702937500000000000e+05
5.80277000000000000000e+05
5.79976625000000000000e+05
5.79519187500000000000e+05
5.79164812500000000000e+05
5.78809250000000000000e+05
5.78373375000000000000e+05
5.77903187500000000000e+05
5.77517000000000000000e+05
5.77108125000000000000e+05
5.76722000000000000000e+05
5.76217375000000000000e+05
5.75865500000000000000e+05
5.75474500000000000000e+05
5.74940937500000000000e+05
5.74413812500000000000e+05
5.74069250000000000000e+05
5.73679250000000000000e+05
5.73132500000000000000e+05
5.72471437500000000000e+05
5.72077312500000000000e+05
5.71735687500000000000e+05
5.71458687500000000000e+05
5.71171312500000000000e+05
5.70863750000000000000e+05
5.70581562500000000000e+05
5.70270000000000000000e+05
5.70001375000000000000e+05
5.69687562500000000000e+05
5.69356062500000000000e+05
5.69014375000000000000e+05
5.68591125000000000000e+05
5.68025250000000000000e+05
5.67736062500000000000e+05
5.67419750000000000000e+05
5.67139875000000000000e+05
5.66879875000000000000e+05
5.66505187500000000000e+05
5.66186562500000000000e+05
5.65866562500000000000e+05
5.65545375000000000000e+05
5.65288250000000000000e+05
5.65003187500000000000e+05
5.64731375000000000000e+05
5.64454812500000000000e+05
5.64154312500000000000e+05
5.63870625000000000000e+05
5.63598250000000000000e+05
5.63334000000000000000e+05
5.63088187500000000000e+05
5.62821125000000000000e+05
5.62564500000000000000e+05
5.62299187500000000000e+05
5.62072375000000000000e+05
5.61794937500000000000e+05
5.61472750000000000000e+05
5.61137375000000000000e+05
5.60883312500000000000e+05
5.60597875000000000000e+05
5.60346687500000000000e+05
5.60071312500000000000e+05
5.59704500000000000000e+05
5.59319437500000000000e+05
5.58930062500000000000e+05
5.58455875000000000000e+05
5.58100812500000000000e+05
5.57749437500000000000e+05
5.57404125000000000000e+05
5.57028125000000000000e+05
5.56681937500000000000e+05
5.56329125000000000000e+05
5.55966000000000000000e+05
5.55495437500000000000e+05
5.55177625000000000000e+05
5.54839312500000000000e+05
5.54477750000000000000e+05
5.54028625000000000000e+05
5.53720562500000000000e+05
5.53420000000000000000e+05
5.53161437500000000000e+05
5.52853187500000000000e+05
5.52542187500000000000e+05
5.52243687500000000000e+05
5.51970437500000000000e+05
5.51719312500000000000e+05
5.51394562500000000000e+05
5.51012875000000000000e+05
5.50704000000000000000e+05
5.50392875000000000000e+05
5.50061375000000000000e+05
5.49701375000000000000e+05
5.49419687500000000000e+05
5.49045500000000000000e+05
5.48751937500000000000e+05
5.48391125000000000000e+05
5.48090562500000000000e+05
5.47689500000000000000e+05
5.47355687500000000000e+05
5.46932437500000000000e+05
5.46704500000000000000e+05
5.46442250000000000000e+05
5.46197562500000000000e+05
5.45900250000000000000e+05
5.45626750000000000000e+05
5.45373437500000000000e+05
5.45063562500000000000e+05
5.44812187500000000000e+05
5.44453562500000000000e+05
5.44222750000000000000e+05
5.43921687500000000000e+05
5.43632687500000000000e+05
5.43400937500000000000e+05
5.43178500000000000000e+05
5.42905187500000000000e+05
5.42605375000000000000e+05
5.42312937500000000000e+05
5.42025875000000000000e+05
5.41680375000000000000e+05
5.41430500000000000000e+05
5.41110625000000000000e+05
5.40764125000000000000e+05
5.40389000000000000000e+05
5.40085625000000000000e+05
5.39676250000000000000e+05
5.39383750000000000000e+05
5.39054062500000000000e+05
5.38695687500000000000e+05
5.38022562500000000000e+05
5.37691062500000000000e+05
5.37429500000000000000e+05
5.37164687500000000000e+05
5.36947437500000000000e+05
5.36721250000000000000e+05
5.36449062500000000000e+05
5.36126750000000000000e+05
5.35833062500000000000e+05
5.35466500000000000000e+05
5.35014562500000000000e+05
5.34600750000000000000e+05
5.34314812500000000000e+05
5.34015187500000000000e+05
5.33743312500000000000e+05
5.33462312500000000000e+05
5.33225062500000000000e+05
5.32949437500000000000e+05
5.32734750000000000000e+05
5.32495375000000000000e+05
5.32205875000000000000e+05
5.31834500000000000000e+05
5.31525750000000000000e+05
5.31158625000000000000e+05
5.30817250000000000000e+05
5.30508812500000000000e+05
5.30282312500000000000e+05
5.30056437500000000000e+05
5.29790312500000000000e+05
5.29499250000000000000e+05
5.29159500000000000000e+05
5.28732187500000000000e+05
5.28493750000000000000e+05
5.28235875000000000000e+05
5.28008312500000000000e+05
5.27743750000000000000e+05
5.27485312500000000000e+05
5.27235562500000000000e+05
5.26994062500000000000e+05
5.26738000000000000000e+05
5.26476625000000000000e+05
5.26132875000000000000e+05
5.25885625000000000000e+05
5.25587250000000000000e+05
5.25351375000000000000e+05
5.25128250000000000000e+05
5.24916562500000000000e+05
5.24674625000000000000e+05
5.24444937500000000000e+05
5.24197156250000000000e+05
5.23959093750000000000e+05
5.23700875000000000000e+05
5.23451187500000000000e+05
5.23062531250000000000e+05
5.22630312500000000000e+05
5.22327906250000000000e+05
5.22042687500000000000e+05
5.21813125000000000000e+05
5.21555406250000000000e+05
5.21265937500000000000e+05
5.20933781250000000000e+05
5.20678250000000000000e+05
5.20360375000000000000e+05
5.19978687500000000000e+05
5.19499125000000000000e+05
5.19199406250000000000e+05
5.18945000000000000000e+05
5.18673125000000000000e+05
5.18425156250000000000e+05
5.18092187500000000000e+05
5.17726875000000000000e+05
5.17529843750000000000e+05
5.17321781250000000000e+05
5.17104781250000000000e+05
5.16835437500000000000e+05
5.16623968750000000000e+05
5.16428562500000000000e+05
5.16204281250000000000e+05
5.15995593750000000000e+05
5.15772062500000000000e+05
5.15525062500000000000e+05
5.15273218750000000000e+05
5.15015906250000000000e+05
5.14690968750000000000e+05
5.14434468750000000000e+05
5.14167156250000000000e+05
5.13945937500000000000e+05
5.13716937500000000000e+05
5.13521812500000000000e+05
5.13291250000000000000e+05
5.13056250000000000000e+05
5.12757843750000000000e+05
5.12468187500000000000e+05
5.12101187500000000000e+05
5.11844031250000000000e+05
5.11581812500000000000e+05
5.11345781250000000000e+05
5.11100000000000000000e+05
5.10822687500000000000e+05
5.10536312500000000000e+05
5.10099468750000000000e+05
5.09568062500000000000e+05
5.09349843750000000000e+05
5.09082250000000000000e+05
5.08801468750000000000e+05
5.08554406250000000000e+05
5.08237937500000000000e+05
5.07990562500000000000e+05
5.07710187500000000000e+05
5.07359906250000000000e+05
5.06957406250000000000e+05
5.06701906250000000000e+05
5.06465875000000000000e+05
5.06274562500000000000e+05
5.06055062500000000000e+05
5.05867125000000000000e+05
5.05582406250000000000e+05
5.05363000000000000000e+05
5.05178593750000000000e+05
5.04982093750000000000e+05
5.04807187500000000000e+05
5.04615406250000000000e+05
5.04346281250000000000e+05
5.04029843750000000000e+05
5.03725906250000000000e+05
5.03404156250000000000e+05
5.03158562500000000000e+05
5.02892062500000000000e+05
5.02697312500000000000e+05
5.02472531250000000000e+05
5.02276437500000000000e+05
5.02059531250000000000e+05
5.01764937500000000000e+05
5.01412343750000000000e+05
5.01134031250000000000e+05
5.00843781250000000000e+05
5.00608000000000000000e+05
5.00374750000000000000e+05
5.00162250000000000000e+05
4.99921406250000000000e+05
4.99606312500000000000e+05
4.99127531250000000000e+05
4.98847093750000000000e+05
4.98592437500000000000e+05
4.98380562500000000000e+05
4.98189062500000000000e+05
4.98024093750000000000e+05
4.97834937500000000000e+05
4.97646250000000000000e+05
4.97348500000000000000e+05
4.96924625000000000000e+05
4.96732812500000000000e+05
4.96531687500000000000e+05
4.96289906250000000000e+05
4.96092031250000000000e+05
4.95868250000000000000e+05
4.95552718750000000000e+05
4.95285343750000000000e+05
4.94977656250000000000e+05
4.94762062500000000000e+05
4.94528437500000000000e+05
4.94342781250000000000e+05
4.94133281250000000000e+05
4.93567812500000000000e+05
4.92863437500000000000e+05
4.92612156250000000000e+05
4.92431093750000000000e+05
4.92255718750000000000e+05
4.92001500000000000000e+05
4.91690843750000000000e+05
4.91483531250000000000e+05
4.91255625000000000000e+05
4.90947062500000000000e+05
4.90515562500000000000e+05
4.90347812500000000000e+05
4.90069968750000000000e+05
4.89780375000000000000e+05
4.89576593750000000000e+05
4.89327843750000000000e+05
4.89100812500000000000e+05
4.88834218750000000000e+05
4.88528406250000000000e+05
4.88197031250000000000e+05
4.88013187500000000000e+05
4.87810125000000000000e+05
4.87649718750000000000e+05
4.87451500000000000000e+05
4.87270750000000000000e+05
4.87074656250000000000e+05
4.86908750000000000000e+05
4.86716625000000000000e+05
4.86537187500000000000e+05
4.86352250000000000000e+05
4.86177875000000000000e+05
4.85972718750000000000e+05
4.85667375000000000000e+05
4.85362406250000000000e+05
4.85153781250000000000e+05
4.84925750000000000000e+05
4.84624937500000000000e+05
4.84267968750000000000e+05
4.84065781250000000000e+05
4.83913187500000000000e+05
4.83734000000000000000e+05
4.83536750000000000000e+05
4.83380031250000000000e+05
4.83203343750000000000e+05
4.83048187500000000000e+05
4.82878656250000000000e+05
4.82654968750000000000e+05
4.82493687500000000000e+05
4.82314437500000000000e+05
4.82167437500000000000e+05
4.82003031250000000000e+05
4.81862687500000000000e+05
4.81704093750000000000e+05
4.81522968750000000000e+05
4.81371093750000000000e+05
4.81218906250000000000e+05
4.80991375000000000000e+05
4.80667812500000000000e+05
4.80430062500000000000e+05
4.80225500000000000000e+05
4.79992593750000000000e+05
4.79756687500000000000e+05
4.79554437500000000000e+05
4.79284375000000000000e+05
4.79111843750000000000e+05
4.78944312500000000000e+05
4.78779000000000000000e+05
4.78619218750000000000e+05
4.78444312500000000000e+05
4.78251718750000000000e+05
4.78106375000000000000e+05
4.77929906250000000000e+05
4.77769125000000000000e+05
4.77613500000000000000e+05
4.77444812500000000000e+05
4.77264343750000000000e+05
4.77074593750000000000e+05
4.76906312500000000000e+05
4.76743281250000000000e+05
4.76554500000000000000e+05
4.76304562500000000000e+05
4.76134500000000000000e+05
4.75900250000000000000e+05
4.75717625000000000000e+05
4.75538875000000000000e+05
4.75351750000000000000e+05
4.75160218750000000000e+05
4.74981156250000000000e+05
4.74737750000000000000e+05
4.74481000000000000000e+05
4.74163250000000000000e+05
4.73918343750000000000e+05
4.73698312500000000000e+05
4.73486187500000000000e+05
4.73303843750000000000e+05
4.73150687500000000000e+05
4.72964250000000000000e+05
4.72803750000000000000e+05
4.72656906250000000000e+05
4.72468656250000000000e+05
4.72328281250000000000e+05
4.72161406250000000000e+05
4.71950625000000000000e+05
4.71724406250000000000e+05
4.71397250000000000000e+05
4.71221343750000000000e+05
4.71043562500000000000e+05
4.70840531250000000000e+05
4.70638625000000000000e+05
4.70280812500000000000e+05
4.69904531250000000000e+05
4.69641656250000000000e+05
4.69380000000000000000e+05
4.69214125000000000000e+05
4.69064500000000000000e+05
4.68891812500000000000e+05
4.68724656250000000000e+05
4.68516437500000000000e+05
4.68278375000000000000e+05
4.68024437500000000000e+05
4.67843937500000000000e+05
4.67650656250000000000e+05
4.67482000000000000000e+05
4.67285687500000000000e+05
4.67107593750000000000e+05
4.66888656250000000000e+05
4.66667000000000000000e+05
4.66507906250000000000e+05
4.66337968750000000000e+05
4.66138031250000000000e+05
4.65886156250000000000e+05
4.65716187500000000000e+05
4.65471375000000000000e+05
4.65327000000000000000e+05
4.65149406250000000000e+05
4.65014625000000000000e+05
4.64888000000000000000e+05
4.64724875000000000000e+05
4.64563187500000000000e+05
4.64397937500000000000e+05
4.64241343750000000000e+05
4.64090031250000000000e+05
4.63933687500000000000e+05
4.63742156250000000000e+05
4.63509250000000000000e+05
4.63355437500000000000e+05
4.63173187500000000000e+05
4.63006281250000000000e+05
4.62830750000000000000e+05
4.62701406250000000000e+05
4.62512812500000000000e+05
4.62329000000000000000e+05
4.62184250000000000000e+05
4.62012062500000000000e+05
4.61860468750000000000e+05
4.61700687500000000000e+05
4.61555156250000000000e+05
4.61391593750000000000e+05
4.61234562500000000000e+05
4.61081593750000000000e+05
4.60944875000000000000e+05
4.60778468750000000000e+05
4.60627406250000000000e+05
4.60479468750000000000e+05
4.60279968750000000000e+05
4.59887250000000000000e+05
4.59728062500000000000e+05
4.59572375000000000000e+05
4.59420750000000000000e+05
4.59244875000000000000e+05
4.59078375000000000000e+05
4.58870218750000000000e+05
4.58671375000000000000e+05
4.58411125000000000000e+05
4.58222843750000000000e+05
4.57994125000000000000e+05
4.57804000000000000000e+05
4.57603968750000000000e+05
4.57416437500000000000e+05
4.57249093750000000000e+05
4.57101343750000000000e+05
4.56967687500000000000e+05
4.56822750000000000000e+05
4.56637437500000000000e+05
4.56461093750000000000e+05
4.56285812500000000000e+05
4.56150718750000000000e+05
4.55995062500000000000e+05
4.55851906250000000000e+05
4.55691093750000000000e+05
4.55546375000000000000e+05
4.55386062500000000000e+05
4.55196906250000000000e+05
4.54989500000000000000e+05
4.54816625000000000000e+05
4.54627375000000000000e+05
4.54471812500000000000e+05
4.54318125000000000000e+05
4.54140625000000000000e+05
4.53962062500000000000e+05
4.53810750000000000000e+05
4.53596093750000000000e+05
4.53445937500000000000e+05
4.53265187500000000000e+05
4.53134937500000000000e+05
4.52953937500000000000e+05
4.52816375000000000000e+05
4.52643843750000000000e+05
4.52508750000000000000e+05
4.52361843750000000000e+05
4.52227500000000000000e+05
4.52081843750000000000e+05
4.51838875000000000000e+05
4.51552031250000000000e+05
4.51352968750000000000e+05
4.51093031250000000000e+05
4.50937250000000000000e+05
4.50774375000000000000e+05
4.50619468750000000000e+05
4.50485281250000000000e+05
