8.73620560000000000000e+07
3.97701160000000000000e+07
2.89920220000000000000e+07
2.42121480000000000000e+07
2.16872100000000000000e+07
1.98647960000000000000e+07
1.84090160000000000000e+07
1.69901280000000000000e+07
1.59071780000000000000e+07
1.50760960000000000000e+07
1.42963250000000000000e+07
1.36236180000000000000e+07
1.30647330000000000000e+07
1.23628150000000000000e+07
1.17756170000000000000e+07
1.11906180000000000000e+07
1.07507910000000000000e+07
1.03520170000000000000e+07
1.00199740000000000000e+07
9.69730400000000000000e+06
9.42585500000000000000e+06
9.15827400000000000000e+06
8.90151900000000000000e+06
8.66247200000000000000e+06
8.41200300000000000000e+06
8.19698950000000000000e+06
7.96190200000000000000e+06
7.73950700000000000000e+06
7.55486000000000000000e+06
7.32509300000000000000e+06
7.13370300000000000000e+06
6.99476700000000000000e+06
6.86043900000000000000e+06
6.69703850000000000000e+06
6.55382500000000000000e+06
6.38645300000000000000e+06
6.25448750000000000000e+06
6.10277200000000000000e+06
5.95432050000000000000e+06
5.80626750000000000000e+06
5.67592700000000000000e+06
5.57079300000000000000e+06
5.46939600000000000000e+06
5.30514900000000000000e+06
5.19150300000000000000e+06
5.07758700000000000000e+06
4.97211650000000000000e+06
4.88115600000000000000e+06
4.79440600000000000000e+06
4.67741600000000000000e+06
4.56015900000000000000e+06
4.37207950000000000000e+06
4.26552500000000000000e+06
4.19729500000000000000e+06
4.13412275000000000000e+06
4.08003900000000000000e+06
4.03343075000000000000e+06
3.97946500000000000000e+06
3.92360450000000000000e+06
3.87265400000000000000e+06
3.81999900000000000000e+06
3.76994525000000000000e+06
3.71878050000000000000e+06
3.67415750000000000000e+06
3.62131400000000000000e+06
3.57921000000000000000e+06
3.49122950000000000000e+06
3.42026600000000000000e+06
3.37093175000000000000e+06
3.32633850000000000000e+06
3.29550150000000000000e+06
3.26125825000000000000e+06
3.23204400000000000000e+06
3.19972875000000000000e+06
3.16888900000000000000e+06
3.14252275000000000000e+06
3.11436025000000000000e+06
3.08668000000000000000e+06
3.06169400000000000000e+06
3.03406325000000000000e+06
3.00974375000000000000e+06
2.98230350000000000000e+06
2.95576700000000000000e+06
2.93264775000000000000e+06
2.90953600000000000000e+06
2.88090150000000000000e+06
2.85749450000000000000e+06
2.83133400000000000000e+06
2.80811550000000000000e+06
2.78569375000000000000e+06
2.76179950000000000000e+06
2.74290650000000000000e+06
2.70764950000000000000e+06
2.67200625000000000000e+06
2.64011800000000000000e+06
2.61012175000000000000e+06
2.59171525000000000000e+06
2.57491150000000000000e+06
2.55811550000000000000e+06
2.53967700000000000000e+06
2.52385350000000000000e+06
2.50924350000000000000e+06
2.49378750000000000000e+06
2.47840600000000000000e+06
2.46245350000000000000e+06
2.44847200000000000000e+06
2.43542075000000000000e+06
2.41897400000000000000e+06
2.40427175000000000000e+06
2.38967950000000000000e+06
2.37651550000000000000e+06
2.36521200000000000000e+06
2.35466925000000000000e+06
2.34220625000000000000e+06
2.33022200000000000000e+06
2.31813525000000000000e+06
2.30579800000000000000e+06
2.29179650000000000000e+06
2.27890200000000000000e+06
2.26857100000000000000e+06
2.25801575000000000000e+06
2.24818225000000000000e+06
2.23899325000000000000e+06
2.23068225000000000000e+06
2.21743975000000000000e+06
2.20525825000000000000e+06
2.19480550000000000000e+06
2.18621500000000000000e+06
2.17456300000000000000e+06
2.16449675000000000000e+06
2.15469375000000000000e+06
2.14586150000000000000e+06
2.13577900000000000000e+06
2.12705025000000000000e+06
2.11881425000000000000e+06
2.11160725000000000000e+06
2.10464900000000000000e+06
2.08840475000000000000e+06
2.07575550000000000000e+06
2.06398075000000000000e+06
2.05326862500000000000e+06
2.04449025000000000000e+06
2.03566887500000000000e+06
2.02748987500000000000e+06
2.02002400000000000000e+06
2.00871925000000000000e+06
1.99561462500000000000e+06
1.97996700000000000000e+06
1.96725925000000000000e+06
1.95936525000000000000e+06
1.95217975000000000000e+06
1.94184025000000000000e+06
1.93194250000000000000e+06
1.92352025000000000000e+06
1.91500925000000000000e+06
1.90565600000000000000e+06
1.89670325000000000000e+06
1.88951000000000000000e+06
1.88267675000000000000e+06
1.87767962500000000000e+06
1.87282087500000000000e+06
1.86493162500000000000e+06
1.85780387500000000000e+06
1.85293425000000000000e+06
1.84805100000000000000e+06
1.84212650000000000000e+06
1.83528350000000000000e+06
1.83084300000000000000e+06
1.82553600000000000000e+06
1.82101112500000000000e+06
1.81521237500000000000e+06
1.80951337500000000000e+06
1.80432412500000000000e+06
1.79890725000000000000e+06
1.79312837500000000000e+06
1.78820375000000000000e+06
1.78341987500000000000e+06
1.77850200000000000000e+06
1.77321562500000000000e+06
1.76896200000000000000e+06
1.76481550000000000000e+06
1.75922550000000000000e+06
1.75359950000000000000e+06
1.74948912500000000000e+06
1.74485100000000000000e+06
1.74067775000000000000e+06
1.73675850000000000000e+06
1.73294100000000000000e+06
1.72863150000000000000e+06
1.72460625000000000000e+06
1.72088212500000000000e+06
1.71684775000000000000e+06
1.71305325000000000000e+06
1.70709762500000000000e+06
1.70273375000000000000e+06
1.69932700000000000000e+06
1.69558137500000000000e+06
1.69188925000000000000e+06
1.68825475000000000000e+06
1.68490425000000000000e+06
1.68114687500000000000e+06
1.67755112500000000000e+06
1.67413825000000000000e+06
1.67050237500000000000e+06
1.66751137500000000000e+06
1.66463050000000000000e+06
1.66004525000000000000e+06
1.65381437500000000000e+06
1.65036512500000000000e+06
1.64703850000000000000e+06
1.64404625000000000000e+06
1.64084987500000000000e+06
1.63788375000000000000e+06
1.63457675000000000000e+06
1.63128800000000000000e+06
1.62669450000000000000e+06
1.62240375000000000000e+06
1.61945987500000000000e+06
1.61583512500000000000e+06
1.61281187500000000000e+06
1.60985900000000000000e+06
1.60644825000000000000e+06
1.60310612500000000000e+06
1.59936700000000000000e+06
1.59588975000000000000e+06
1.59171525000000000000e+06
1.58823100000000000000e+06
1.58374625000000000000e+06
1.57795150000000000000e+06
1.57326625000000000000e+06
1.56862400000000000000e+06
1.56547625000000000000e+06
1.56233837500000000000e+06
1.55943912500000000000e+06
1.55585175000000000000e+06
1.55344925000000000000e+06
1.55079675000000000000e+06
1.54859162500000000000e+06
1.54623275000000000000e+06
1.54360737500000000000e+06
1.54008900000000000000e+06
1.53680725000000000000e+06
1.53405875000000000000e+06
1.53151462500000000000e+06
1.52894787500000000000e+06
1.52599250000000000000e+06
1.52329275000000000000e+06
1.52088937500000000000e+06
1.51808175000000000000e+06
1.51567475000000000000e+06
1.51327387500000000000e+06
1.51036100000000000000e+06
1.50650875000000000000e+06
1.50384350000000000000e+06
1.50080075000000000000e+06
1.49748450000000000000e+06
1.49423625000000000000e+06
1.49132425000000000000e+06
1.48814275000000000000e+06
1.48606575000000000000e+06
1.48398412500000000000e+06
1.48118900000000000000e+06
1.47856487500000000000e+06
1.47661825000000000000e+06
1.47467450000000000000e+06
1.47221287500000000000e+06
1.46957775000000000000e+06
1.46719750000000000000e+06
1.46501937500000000000e+06
1.46259187500000000000e+06
1.46058712500000000000e+06
1.45880500000000000000e+06
1.45709287500000000000e+06
1.45521262500000000000e+06
1.45276300000000000000e+06
1.45080087500000000000e+06
1.44810387500000000000e+06
1.44493987500000000000e+06
1.44088450000000000000e+06
1.43907262500000000000e+06
1.43740275000000000000e+06
1.43558787500000000000e+06
1.43366900000000000000e+06
1.43163750000000000000e+06
1.42979787500000000000e+06
1.42807087500000000000e+06
1.42635662500000000000e+06
1.42425550000000000000e+06
1.42235250000000000000e+06
1.42010112500000000000e+06
1.41787525000000000000e+06
1.41556750000000000000e+06
1.41372687500000000000e+06
1.41161562500000000000e+06
1.40965675000000000000e+06
1.40799962500000000000e+06
1.40640650000000000000e+06
1.40470700000000000000e+06
1.40272387500000000000e+06
1.40102087500000000000e+06
1.39926887500000000000e+06
1.39750637500000000000e+06
1.39608750000000000000e+06
1.39458675000000000000e+06
1.39300700000000000000e+06
1.39137825000000000000e+06
1.38839462500000000000e+06
1.38585087500000000000e+06
1.38381950000000000000e+06
1.38125700000000000000e+06
1.37970500000000000000e+06
1.37796312500000000000e+06
1.37601975000000000000e+06
1.37420550000000000000e+06
1.37282700000000000000e+06
1.37142562500000000000e+06
1.36936900000000000000e+06
1.36757150000000000000e+06
1.36631600000000000000e+06
1.36460025000000000000e+06
1.36279637500000000000e+06
1.36106500000000000000e+06
1.35947975000000000000e+06
1.35757987500000000000e+06
1.35497637500000000000e+06
1.35172962500000000000e+06
1.34893637500000000000e+06
1.34566725000000000000e+06
1.34424450000000000000e+06
1.34297062500000000000e+06
1.34143562500000000000e+06
1.33950800000000000000e+06
1.33812550000000000000e+06
1.33632275000000000000e+06
1.33451362500000000000e+06
1.33266250000000000000e+06
1.33092325000000000000e+06
1.32896662500000000000e+06
1.32751850000000000000e+06
1.32624050000000000000e+06
1.32465925000000000000e+06
1.32309537500000000000e+06
1.32151775000000000000e+06
1.32004125000000000000e+06
1.31887025000000000000e+06
1.31778637500000000000e+06
1.31668562500000000000e+06
1.31563200000000000000e+06
1.31431825000000000000e+06
1.31289850000000000000e+06
1.31159912500000000000e+06
1.31006100000000000000e+06
1.30893525000000000000e+06
1.30761662500000000000e+06
1.30637537500000000000e+06
1.30498212500000000000e+06
1.30363025000000000000e+06
1.30227012500000000000e+06
1.30095400000000000000e+06
1.30001725000000000000e+06
1.29889800000000000000e+06
1.29788887500000000000e+06
1.29683287500000000000e+06
1.29563062500000000000e+06
1.29456637500000000000e+06
1.29360000000000000000e+06
1.29253200000000000000e+06
1.29150712500000000000e+06
1.29054912500000000000e+06
1.28961087500000000000e+06
1.28863412500000000000e+06
1.28731137500000000000e+06
1.28608387500000000000e+06
1.28507012500000000000e+06
1.28394600000000000000e+06
1.28277312500000000000e+06
1.28184575000000000000e+06
1.28081337500000000000e+06
1.27977700000000000000e+06
1.27878137500000000000e+06
1.27738025000000000000e+06
1.27579287500000000000e+06
1.27456475000000000000e+06
1.27289762500000000000e+06
1.27177325000000000000e+06
1.27074325000000000000e+06
1.26975075000000000000e+06
1.26864112500000000000e+06
1.26749975000000000000e+06
1.26590962500000000000e+06
1.26469350000000000000e+06
1.26364637500000000000e+06
1.26267950000000000000e+06
1.26150837500000000000e+06
1.26033550000000000000e+06
1.25920662500000000000e+06
1.25821225000000000000e+06
1.25719400000000000000e+06
1.25513000000000000000e+06
1.25334400000000000000e+06
1.25244087500000000000e+06
1.25143150000000000000e+06
1.25041237500000000000e+06
1.24943237500000000000e+06
1.24824950000000000000e+06
1.24717587500000000000e+06
1.24624462500000000000e+06
1.24533737500000000000e+06
1.24458150000000000000e+06
1.24373375000000000000e+06
1.24290550000000000000e+06
1.24202475000000000000e+06
1.24118425000000000000e+06
1.24020162500000000000e+06
1.23932412500000000000e+06
1.23831487500000000000e+06
1.23724812500000000000e+06
1.23640725000000000000e+06
1.23558187500000000000e+06
1.23479750000000000000e+06
1.23391025000000000000e+06
1.23286812500000000000e+06
1.23199087500000000000e+06
1.23121700000000000000e+06
1.23042887500000000000e+06
1.22951950000000000000e+06
1.22862562500000000000e+06
1.22782062500000000000e+06
1.22704775000000000000e+06
1.22627037500000000000e+06
1.22554950000000000000e+06
1.22460637500000000000e+06
1.22347812500000000000e+06
1.22233250000000000000e+06
1.22124125000000000000e+06
1.22020325000000000000e+06
1.21941225000000000000e+06
1.21847425000000000000e+06
1.21757225000000000000e+06
1.21655037500000000000e+06
1.21548562500000000000e+06
1.21429937500000000000e+06
1.21345100000000000000e+06
1.21242762500000000000e+06
1.21162337500000000000e+06
1.21077800000000000000e+06
1.20998512500000000000e+06
1.20924825000000000000e+06
1.20856087500000000000e+06
1.20784787500000000000e+06
1.20711012500000000000e+06
1.20645687500000000000e+06
1.20574950000000000000e+06
1.20484975000000000000e+06
1.20410575000000000000e+06
1.20351250000000000000e+06
1.20267475000000000000e+06
1.20194412500000000000e+06
1.20124100000000000000e+06
1.20055812500000000000e+06
1.19980375000000000000e+06
1.19912475000000000000e+06
1.19790962500000000000e+06
1.19676050000000000000e+06
1.19584662500000000000e+06
1.19491437500000000000e+06
1.19392575000000000000e+06
1.19301825000000000000e+06
1.19192325000000000000e+06
1.19058975000000000000e+06
1.18971450000000000000e+06
1.18879750000000000000e+06
1.18795125000000000000e+06
1.18703800000000000000e+06
1.18619700000000000000e+06
1.18535512500000000000e+06
1.18473887500000000000e+06
1.18408612500000000000e+06
1.18345887500000000000e+06
1.18284650000000000000e+06
1.18199362500000000000e+06
1.18129350000000000000e+06
1.18061425000000000000e+06
1.17991600000000000000e+06
1.17898650000000000000e+06
1.17815775000000000000e+06
1.17754512500000000000e+06
1.17687762500000000000e+06
1.17599862500000000000e+06
1.17526125000000000000e+06
1.17462125000000000000e+06
1.17393650000000000000e+06
1.17328350000000000000e+06
1.17259637500000000000e+06
1.17182675000000000000e+06
1.17121300000000000000e+06
1.17057187500000000000e+06
1.16975475000000000000e+06
1.16896587500000000000e+06
1.16831012500000000000e+06
1.16766275000000000000e+06
1.16664562500000000000e+06
1.16563387500000000000e+06
1.16482225000000000000e+06
1.16386062500000000000e+06
1.16312612500000000000e+06
1.16238787500000000000e+06
1.16171050000000000000e+06
1.16109087500000000000e+06
1.16046412500000000000e+06
1.15982600000000000000e+06
1.15911675000000000000e+06
1.15845850000000000000e+06
1.15790187500000000000e+06
1.15739275000000000000e+06
1.15676100000000000000e+06
1.15618037500000000000e+06
1.15557375000000000000e+06
1.15502500000000000000e+06
1.15442175000000000000e+06
1.15386450000000000000e+06
1.15332425000000000000e+06
1.15275675000000000000e+06
1.15208912500000000000e+06
1.15146037500000000000e+06
1.15086575000000000000e+06
1.15018550000000000000e+06
1.14943625000000000000e+06
1.14872300000000000000e+06
1.14794225000000000000e+06
1.14737725000000000000e+06
1.14685212500000000000e+06
1.14613025000000000000e+06
1.14544412500000000000e+06
1.14487850000000000000e+06
1.14430287500000000000e+06
1.14378175000000000000e+06
1.14320387500000000000e+06
1.14268937500000000000e+06
1.14205587500000000000e+06
1.14144262500000000000e+06
1.14093825000000000000e+06
1.14037200000000000000e+06
1.13976650000000000000e+06
1.13914375000000000000e+06
1.13824737500000000000e+06
1.13703362500000000000e+06
1.13640200000000000000e+06
1.13576300000000000000e+06
1.13524550000000000000e+06
1.13470987500000000000e+06
1.13419475000000000000e+06
1.13366100000000000000e+06
1.13314087500000000000e+06
1.13255212500000000000e+06
1.13200850000000000000e+06
1.13150262500000000000e+06
1.13091575000000000000e+06
1.13028675000000000000e+06
1.12964712500000000000e+06
1.12851487500000000000e+06
1.12780087500000000000e+06
1.12701275000000000000e+06
1.12646550000000000000e+06
1.12583537500000000000e+06
1.12531075000000000000e+06
1.12482000000000000000e+06
1.12431525000000000000e+06
1.12376975000000000000e+06
1.12328087500000000000e+06
1.12272637500000000000e+06
1.12215075000000000000e+06
1.12148000000000000000e+06
1.12069375000000000000e+06
1.12004700000000000000e+06
1.11933612500000000000e+06
1.11858137500000000000e+06
1.11779625000000000000e+06
1.11722625000000000000e+06
1.11664400000000000000e+06
1.11608175000000000000e+06
1.11544225000000000000e+06
1.11491900000000000000e+06
1.11443062500000000000e+06
1.11380462500000000000e+06
1.11311725000000000000e+06
1.11257575000000000000e+06
1.11195262500000000000e+06
1.11150037500000000000e+06
1.11093612500000000000e+06
1.11049837500000000000e+06
1.10996962500000000000e+06
1.10952675000000000000e+06
1.10906600000000000000e+06
1.10864325000000000000e+06
1.10821962500000000000e+06
1.10779087500000000000e+06
1.10738350000000000000e+06
1.10697562500000000000e+06
1.10657937500000000000e+06
1.10614550000000000000e+06
1.10570975000000000000e+06
1.10523900000000000000e+06
1.10478487500000000000e+06
1.10430737500000000000e+06
1.10318600000000000000e+06
1.10199637500000000000e+06
1.10151850000000000000e+06
1.10112625000000000000e+06
1.10064512500000000000e+06
1.10011987500000000000e+06
1.09964250000000000000e+06
1.09916362500000000000e+06
1.09845825000000000000e+06
1.09781362500000000000e+06
1.09721762500000000000e+06
1.09623250000000000000e+06
1.09566500000000000000e+06
1.09521787500000000000e+06
1.09480650000000000000e+06
1.09435325000000000000e+06
1.09390225000000000000e+06
1.09349162500000000000e+06
1.09312825000000000000e+06
1.09278512500000000000e+06
1.09232850000000000000e+06
1.09191537500000000000e+06
1.09150975000000000000e+06
1.09111475000000000000e+06
1.09069437500000000000e+06
1.09032725000000000000e+06
1.08998650000000000000e+06
1.08962262500000000000e+06
1.08919850000000000000e+06
1.08879575000000000000e+06
1.08836737500000000000e+06
1.08796087500000000000e+06
1.08759825000000000000e+06
1.08721500000000000000e+06
1.08680712500000000000e+06
1.08640375000000000000e+06
1.08601662500000000000e+06
1.08559300000000000000e+06
1.08513837500000000000e+06
1.08457637500000000000e+06
1.08387225000000000000e+06
1.08337312500000000000e+06
1.08281362500000000000e+06
1.08223950000000000000e+06
1.08167937500000000000e+06
1.08133575000000000000e+06
1.08095625000000000000e+06
1.08061175000000000000e+06
1.08019137500000000000e+06
1.07976062500000000000e+06
1.07940450000000000000e+06
1.07906275000000000000e+06
1.07867325000000000000e+06
1.07819425000000000000e+06
1.07744575000000000000e+06
1.07651112500000000000e+06
1.07600525000000000000e+06
1.07554925000000000000e+06
1.07517075000000000000e+06
1.07478687500000000000e+06
1.07446850000000000000e+06
1.07411937500000000000e+06
1.07378350000000000000e+06
1.07341475000000000000e+06
1.07306512500000000000e+06
1.07276350000000000000e+06
1.07244800000000000000e+06
1.07206400000000000000e+06
1.07168387500000000000e+06
1.07129412500000000000e+06
1.07097275000000000000e+06
1.07064075000000000000e+06
1.07032337500000000000e+06
1.06994475000000000000e+06
1.06960712500000000000e+06
1.06918550000000000000e+06
1.06881825000000000000e+06
1.06855412500000000000e+06
1.06823950000000000000e+06
1.06795175000000000000e+06
1.06766287500000000000e+06
1.06724237500000000000e+06
1.06670750000000000000e+06
1.06638725000000000000e+06
1.06597137500000000000e+06
1.06561675000000000000e+06
1.06520637500000000000e+06
1.06490200000000000000e+06
1.06455950000000000000e+06
1.06422075000000000000e+06
1.06387025000000000000e+06
1.06355537500000000000e+06
1.06319987500000000000e+06
1.06289637500000000000e+06
1.06255400000000000000e+06
1.06221425000000000000e+06
1.06183750000000000000e+06
1.06155237500000000000e+06
1.06121750000000000000e+06
1.06085750000000000000e+06
1.06046637500000000000e+06
1.06018150000000000000e+06
1.05977812500000000000e+06
1.05946350000000000000e+06
1.05917487500000000000e+06
1.05887350000000000000e+06
1.05852675000000000000e+06
1.05819750000000000000e+06
1.05788212500000000000e+06
1.05737987500000000000e+06
1.05687000000000000000e+06
1.05651037500000000000e+06
1.05617112500000000000e+06
1.05584062500000000000e+06
1.05548787500000000000e+06
1.05510850000000000000e+06
1.05475262500000000000e+06
1.05441650000000000000e+06
1.05397612500000000000e+06
1.05361725000000000000e+06
1.05316462500000000000e+06
1.05285200000000000000e+06
1.05243837500000000000e+06
1.05210650000000000000e+06
1.05177000000000000000e+06
1.05144625000000000000e+06
1.05116275000000000000e+06
1.05087925000000000000e+06
1.05059050000000000000e+06
1.05028912500000000000e+06
1.04993587500000000000e+06
1.04954787500000000000e+06
1.04918187500000000000e+06
1.04870025000000000000e+06
1.04831137500000000000e+06
1.04792312500000000000e+06
1.04760737500000000000e+06
1.04727537500000000000e+06
1.04687068750000000000e+06
1.04648175000000000000e+06
1.04615106250000000000e+06
1.04578781250000000000e+06
1.04544700000000000000e+06
1.04516900000000000000e+06
1.04484868750000000000e+06
1.04449981250000000000e+06
1.04424281250000000000e+06
1.04396818750000000000e+06
1.04366793750000000000e+06
1.04338500000000000000e+06
1.04306612500000000000e+06
1.04276175000000000000e+06
1.04241081250000000000e+06
1.04206550000000000000e+06
1.04167431250000000000e+06
1.04133325000000000000e+06
1.04100018750000000000e+06
1.04066412500000000000e+06
1.04023900000000000000e+06
1.03982200000000000000e+06
1.03934387500000000000e+06
1.03897668750000000000e+06
1.03859900000000000000e+06
1.03829812500000000000e+06
1.03799737500000000000e+06
1.03765762500000000000e+06
1.03728468750000000000e+06
1.03698950000000000000e+06
1.03669006250000000000e+06
1.03644543750000000000e+06
1.03612156250000000000e+06
1.03585781250000000000e+06
1.03560775000000000000e+06
1.03533187500000000000e+06
1.03505350000000000000e+06
1.03477881250000000000e+06
1.03448937500000000000e+06
1.03417287500000000000e+06
1.03383500000000000000e+06
1.03355900000000000000e+06
1.03329331250000000000e+06
1.03271325000000000000e+06
1.03204750000000000000e+06
1.03175043750000000000e+06
1.03150925000000000000e+06
1.03124637500000000000e+06
1.03100087500000000000e+06
1.03073312500000000000e+06
1.03052025000000000000e+06
1.03018625000000000000e+06
1.02985562500000000000e+06
1.02962837500000000000e+06
1.02939862500000000000e+06
1.02918206250000000000e+06
1.02887768750000000000e+06
1.02854875000000000000e+06
1.02824812500000000000e+06
1.02795225000000000000e+06
1.02767300000000000000e+06
1.02730700000000000000e+06
1.02701537500000000000e+06
1.02666650000000000000e+06
1.02639018750000000000e+06
1.02604450000000000000e+06
1.02571762500000000000e+06
1.02509156250000000000e+06
1.02473462500000000000e+06
1.02442106250000000000e+06
1.02419462500000000000e+06
1.02391687500000000000e+06
1.02370318750000000000e+06
1.02349687500000000000e+06
1.02322287500000000000e+06
1.02298825000000000000e+06
1.02276606250000000000e+06
1.02249056250000000000e+06
1.02224450000000000000e+06
1.02191737500000000000e+06
1.02156050000000000000e+06
1.02131918750000000000e+06
1.02098200000000000000e+06
1.02074681250000000000e+06
1.02048643750000000000e+06
1.02023168750000000000e+06
1.02003006250000000000e+06
1.01980962500000000000e+06
1.01959881250000000000e+06
1.01940818750000000000e+06
1.01917737500000000000e+06
1.01892206250000000000e+06
1.01872968750000000000e+06
1.01848737500000000000e+06
1.01827431250000000000e+06
1.01805706250000000000e+06
1.01781068750000000000e+06
1.01757331250000000000e+06
1.01735637500000000000e+06
1.01709150000000000000e+06
1.01681737500000000000e+06
1.01655493750000000000e+06
1.01631993750000000000e+06
1.01606875000000000000e+06
1.01582212500000000000e+06
1.01553812500000000000e+06
1.01532462500000000000e+06
1.01504662500000000000e+06
1.01482393750000000000e+06
1.01459725000000000000e+06
1.01439293750000000000e+06
1.01414631250000000000e+06
1.01392956250000000000e+06
1.01369706250000000000e+06
1.01342518750000000000e+06
1.01311250000000000000e+06
1.01284625000000000000e+06
1.01251993750000000000e+06
1.01223812500000000000e+06
1.01194775000000000000e+06
1.01177050000000000000e+06
1.01156225000000000000e+06
1.01130025000000000000e+06
1.01104331250000000000e+06
1.01075387500000000000e+06
1.01051650000000000000e+06
1.01028743750000000000e+06
1.01004950000000000000e+06
1.00980950000000000000e+06
1.00958837500000000000e+06
1.00931581250000000000e+06
1.00910931250000000000e+06
1.00886681250000000000e+06
1.00860637500000000000e+06
1.00823175000000000000e+06
1.00797712500000000000e+06
1.00769218750000000000e+06
1.00749762500000000000e+06
1.00731262500000000000e+06
1.00711193750000000000e+06
1.00690250000000000000e+06
1.00670700000000000000e+06
1.00654075000000000000e+06
1.00631943750000000000e+06
1.00610312500000000000e+06
1.00587762500000000000e+06
1.00569187500000000000e+06
1.00542025000000000000e+06
1.00523837500000000000e+06
1.00499612500000000000e+06
1.00478712500000000000e+06
1.00454687500000000000e+06
1.00434262500000000000e+06
1.00412487500000000000e+06
1.00393412500000000000e+06
1.00372343750000000000e+06
1.00345650000000000000e+06
1.00313600000000000000e+06
1.00290625000000000000e+06
1.00264356250000000000e+06
1.00244212500000000000e+06
1.00221943750000000000e+06
1.00201843750000000000e+06
1.00180800000000000000e+06
1.00163000000000000000e+06
1.00144112500000000000e+06
1.00125712500000000000e+06
1.00106712500000000000e+06
1.00085593750000000000e+06
1.00060368750000000000e+06
1.00035137500000000000e+06
1.00009425000000000000e+06
9.99889750000000000000e+05
9.99616812500000000000e+05
9.99378312500000000000e+05
9.99115625000000000000e+05
9.98912062500000000000e+05
9.98685250000000000000e+05
9.98385437500000000000e+05
9.98097375000000000000e+05
9.97780375000000000000e+05
9.97440000000000000000e+05
9.97252000000000000000e+05
9.97034000000000000000e+05
9.96835250000000000000e+05
9.96644000000000000000e+05
9.96482437500000000000e+05
9.96287875000000000000e+05
9.96089250000000000000e+05
9.95915750000000000000e+05
9.95735625000000000000e+05
9.95540000000000000000e+05
9.95336187500000000000e+05
9.95158312500000000000e+05
9.94992625000000000000e+05
9.94718000000000000000e+05
9.94496375000000000000e+05
9.94297000000000000000e+05
9.94080000000000000000e+05
9.93741125000000000000e+05
9.93418875000000000000e+05
9.93232750000000000000e+05
9.93027562500000000000e+05
9.92825250000000000000e+05
9.92642062500000000000e+05
9.92457687500000000000e+05
9.92122437500000000000e+05
9.91744187500000000000e+05
9.91444937500000000000e+05
9.91135375000000000000e+05
9.90961375000000000000e+05
9.90740375000000000000e+05
9.90552125000000000000e+05
9.90269562500000000000e+05
9.89925250000000000000e+05
9.89708562500000000000e+05
9.89466500000000000000e+05
9.89260312500000000000e+05
9.89063000000000000000e+05
9.88807812500000000000e+05
9.88572687500000000000e+05
9.88358625000000000000e+05
9.88108187500000000000e+05
9.87926875000000000000e+05
9.87717437500000000000e+05
9.87470062500000000000e+05
9.87184750000000000000e+05
9.86911375000000000000e+05
9.86615000000000000000e+05
9.86344062500000000000e+05
9.86062187500000000000e+05
9.85805375000000000000e+05
9.85514750000000000000e+05
9.85327687500000000000e+05
9.85162500000000000000e+05
9.84975500000000000000e+05
9.84772750000000000000e+05
9.84579375000000000000e+05
9.84403250000000000000e+05
9.84206812500000000000e+05
9.83999500000000000000e+05
9.83763812500000000000e+05
9.83590375000000000000e+05
9.83401500000000000000e+05
9.83213812500000000000e+05
9.83021000000000000000e+05
9.82609812500000000000e+05
9.82073437500000000000e+05
9.81855812500000000000e+05
9.81643875000000000000e+05
9.81486625000000000000e+05
9.81258562500000000000e+05
9.81018250000000000000e+05
9.80804750000000000000e+05
9.80571750000000000000e+05
9.80378250000000000000e+05
9.80181437500000000000e+05
9.80031312500000000000e+05
9.79866687500000000000e+05
9.79711500000000000000e+05
9.79521500000000000000e+05
9.79373125000000000000e+05
9.79201875000000000000e+05
9.79020875000000000000e+05
9.78799875000000000000e+05
9.78553437500000000000e+05
9.78333937500000000000e+05
9.78103375000000000000e+05
9.77835625000000000000e+05
9.77555062500000000000e+05
9.77340000000000000000e+05
9.77146875000000000000e+05
9.76986062500000000000e+05
9.76805375000000000000e+05
9.76635500000000000000e+05
9.76469125000000000000e+05
9.76285812500000000000e+05
9.76087875000000000000e+05
9.75729625000000000000e+05
9.75537812500000000000e+05
9.75341312500000000000e+05
9.75158375000000000000e+05
9.74969000000000000000e+05
9.74763625000000000000e+05
9.74534875000000000000e+05
9.74333812500000000000e+05
9.74132000000000000000e+05
9.73982125000000000000e+05
9.73795125000000000000e+05
9.73649437500000000000e+05
9.73494375000000000000e+05
9.73325375000000000000e+05
9.73134875000000000000e+05
9.72990687500000000000e+05
9.72821312500000000000e+05
9.72677187500000000000e+05
9.72528125000000000000e+05
9.72370312500000000000e+05
9.72213375000000000000e+05
9.72060937500000000000e+05
9.71829375000000000000e+05
9.71498625000000000000e+05
9.71309062500000000000e+05
9.71125187500000000000e+05
9.70965125000000000000e+05
9.70793125000000000000e+05
9.70602125000000000000e+05
9.70436000000000000000e+05
9.70262812500000000000e+05
9.70111937500000000000e+05
9.69928625000000000000e+05
9.69760250000000000000e+05
9.69605750000000000000e+05
9.69449250000000000000e+05
9.69291250000000000000e+05
9.69144437500000000000e+05
9.68975250000000000000e+05
9.68810375000000000000e+05
9.68663562500000000000e+05
9.68482000000000000000e+05
9.68346375000000000000e+05
9.68175250000000000000e+05
9.68031125000000000000e+05
9.67880250000000000000e+05
9.67715250000000000000e+05
9.67553562500000000000e+05
9.67348187500000000000e+05
9.67150687500000000000e+05
9.66925750000000000000e+05
9.66709562500000000000e+05
9.66489562500000000000e+05
9.66353375000000000000e+05
9.66203687500000000000e+05
9.66075437500000000000e+05
9.65929250000000000000e+05
9.65752062500000000000e+05
9.65600875000000000000e+05
9.65442375000000000000e+05
9.65304500000000000000e+05
9.65130687500000000000e+05
9.64977687500000000000e+05
9.64813687500000000000e+05
9.64656250000000000000e+05
9.64486125000000000000e+05
9.64261375000000000000e+05
9.64034875000000000000e+05
9.63789062500000000000e+05
9.63647437500000000000e+05
9.63514250000000000000e+05
9.63364750000000000000e+05
9.63208625000000000000e+05
9.63049250000000000000e+05
9.62915000000000000000e+05
9.62780375000000000000e+05
9.62646750000000000000e+05
9.62508875000000000000e+05
9.62379000000000000000e+05
9.62213250000000000000e+05
9.62059000000000000000e+05
9.61900437500000000000e+05
9.61726562500000000000e+05
9.61536625000000000000e+05
9.61379625000000000000e+05
9.61176750000000000000e+05
9.60928500000000000000e+05
9.60629812500000000000e+05
9.60431000000000000000e+05
9.60212375000000000000e+05
9.60070750000000000000e+05
9.59942000000000000000e+05
9.59795000000000000000e+05
9.59656437500000000000e+05
9.59524312500000000000e+05
9.59386062500000000000e+05
9.59256500000000000000e+05
9.59124125000000000000e+05
9.58987625000000000000e+05
9.58850312500000000000e+05
9.58719562500000000000e+05
9.58551625000000000000e+05
9.58369875000000000000e+05
9.58211000000000000000e+05
9.57981500000000000000e+05
9.57809687500000000000e+05
9.57608125000000000000e+05
9.57458250000000000000e+05
9.57225875000000000000e+05
9.57045375000000000000e+05
9.56883937500000000000e+05
9.56614125000000000000e+05
9.56295937500000000000e+05
9.56150437500000000000e+05
9.56011062500000000000e+05
9.55851062500000000000e+05
9.55711312500000000000e+05
9.55597375000000000000e+05
9.55447875000000000000e+05
9.55291375000000000000e+05
9.55154250000000000000e+05
9.55002500000000000000e+05
9.54884437500000000000e+05
9.54756500000000000000e+05
9.54646250000000000000e+05
9.54501562500000000000e+05
9.54379250000000000000e+05
9.54249937500000000000e+05
9.54088750000000000000e+05
9.53905875000000000000e+05
9.53780562500000000000e+05
9.53598062500000000000e+05
9.53474750000000000000e+05
9.53332812500000000000e+05
9.53197562500000000000e+05
9.53049250000000000000e+05
9.52902937500000000000e+05
9.52742125000000000000e+05
9.52587312500000000000e+05
9.52387437500000000000e+05
9.52199437500000000000e+05
9.51963312500000000000e+05
9.51821250000000000000e+05
9.51669625000000000000e+05
9.51554250000000000000e+05
9.51404937500000000000e+05
9.51182250000000000000e+05
9.50984312500000000000e+05
9.50795312500000000000e+05
9.50567062500000000000e+05
9.50409375000000000000e+05
9.50253687500000000000e+05
9.50124750000000000000e+05
9.49992250000000000000e+05
9.49865437500000000000e+05
9.49752250000000000000e+05
9.49632562500000000000e+05
9.49471250000000000000e+05
9.49276125000000000000e+05
9.49134750000000000000e+05
9.48980875000000000000e+05
9.48839437500000000000e+05
9.48686500000000000000e+05
9.48559250000000000000e+05
9.48415000000000000000e+05
9.48248875000000000000e+05
9.48017000000000000000e+05
9.47844750000000000000e+05
9.47689875000000000000e+05
9.47513125000000000000e+05
9.47328812500000000000e+05
9.47198687500000000000e+05
9.47056312500000000000e+05
9.46949625000000000000e+05
9.46828750000000000000e+05
9.46706375000000000000e+05
9.46592375000000000000e+05
9.46463375000000000000e+05
9.46344375000000000000e+05
9.46217812500000000000e+05
9.46114187500000000000e+05
9.45983687500000000000e+05
9.45859375000000000000e+05
9.45716937500000000000e+05
9.45587687500000000000e+05
9.45445437500000000000e+05
9.45323125000000000000e+05
9.45163750000000000000e+05
9.45035875000000000000e+05
9.44877000000000000000e+05
9.44683250000000000000e+05
9.44504562500000000000e+05
9.44305937500000000000e+05
9.44078125000000000000e+05
9.43941875000000000000e+05
9.43792625000000000000e+05
9.43635750000000000000e+05
9.43431250000000000000e+05
9.43273437500000000000e+05
9.43094312500000000000e+05
9.42986625000000000000e+05
9.42868562500000000000e+05
9.42764375000000000000e+05
9.42665250000000000000e+05
9.42555500000000000000e+05
9.42451250000000000000e+05
9.42332687500000000000e+05
9.42206000000000000000e+05
9.42087375000000000000e+05
9.41947375000000000000e+05
9.41777375000000000000e+05
9.41650562500000000000e+05
9.41518562500000000000e+05
9.41369562500000000000e+05
9.41164250000000000000e+05
9.41004000000000000000e+05
9.40848625000000000000e+05
9.40748687500000000000e+05
9.40640750000000000000e+05
9.40478062500000000000e+05
9.40271312500000000000e+05
9.40150750000000000000e+05
9.40018812500000000000e+05
9.39909000000000000000e+05
9.39804000000000000000e+05
9.39687625000000000000e+05
9.39569812500000000000e+05
9.39469937500000000000e+05
9.39333500000000000000e+05
9.39187625000000000000e+05
9.39083750000000000000e+05
9.38954937500000000000e+05
9.38830500000000000000e+05
9.38710625000000000000e+05
9.38591625000000000000e+05
9.38452625000000000000e+05
9.38310312500000000000e+05
9.38161812500000000000e+05
9.38051750000000000000e+05
9.37894062500000000000e+05
9.37707750000000000000e+05
9.37483625000000000000e+05
9.37360062500000000000e+05
9.37247062500000000000e+05
9.37156500000000000000e+05
9.37056312500000000000e+05
9.36957437500000000000e+05
9.36824500000000000000e+05
9.36652687500000000000e+05
9.36526312500000000000e+05
9.36294125000000000000e+05
9.36163625000000000000e+05
9.36009562500000000000e+05
9.35900125000000000000e+05
9.35779875000000000000e+05
9.35680062500000000000e+05
9.35585000000000000000e+05
9.35473687500000000000e+05
9.35375250000000000000e+05
9.35277687500000000000e+05
9.35180750000000000000e+05
9.35053875000000000000e+05
9.34929875000000000000e+05
9.34845375000000000000e+05
9.34748562500000000000e+05
9.34635875000000000000e+05
9.34540125000000000000e+05
9.34451500000000000000e+05
9.34368375000000000000e+05
9.34225562500000000000e+05
9.34082750000000000000e+05
9.33938875000000000000e+05
9.33724625000000000000e+05
9.33565312500000000000e+05
9.33405812500000000000e+05
9.33302375000000000000e+05
9.33186125000000000000e+05
9.33067937500000000000e+05
9.32957125000000000000e+05
9.32835375000000000000e+05
9.32733875000000000000e+05
9.32627687500000000000e+05
9.32516812500000000000e+05
9.32375687500000000000e+05
9.32257187500000000000e+05
9.32095750000000000000e+05
9.31965750000000000000e+05
9.31813250000000000000e+05
9.31704250000000000000e+05
9.31598562500000000000e+05
9.31465750000000000000e+05
9.31334812500000000000e+05
9.31184937500000000000e+05
9.31035250000000000000e+05
9.30928875000000000000e+05
9.30804625000000000000e+05
9.30685250000000000000e+05
9.30571250000000000000e+05
9.30443562500000000000e+05
9.30308562500000000000e+05
9.30186312500000000000e+05
9.30017625000000000000e+05
9.29893687500000000000e+05
9.29746312500000000000e+05
9.29605750000000000000e+05
9.29420250000000000000e+05
9.29280625000000000000e+05
9.29112187500000000000e+05
9.28983125000000000000e+05
9.28863375000000000000e+05
9.28765500000000000000e+05
9.28662875000000000000e+05
9.28569687500000000000e+05
9.28484062500000000000e+05
9.28387625000000000000e+05
9.28293250000000000000e+05
9.28206875000000000000e+05
9.28103250000000000000e+05
9.27996500000000000000e+05
9.27873750000000000000e+05
9.27728750000000000000e+05
9.27602125000000000000e+05
9.27458375000000000000e+05
9.27344000000000000000e+05
9.27212812500000000000e+05
9.27113437500000000000e+05
9.26997750000000000000e+05
9.26904375000000000000e+05
9.26811812500000000000e+05
9.26718625000000000000e+05
9.26627375000000000000e+05
9.26515062500000000000e+05
9.26422812500000000000e+05
9.26315625000000000000e+05
9.26221750000000000000e+05
9.26111312500000000000e+05
9.26006750000000000000e+05
9.25866875000000000000e+05
9.25768375000000000000e+05
9.25665750000000000000e+05
9.25574250000000000000e+05
9.25488562500000000000e+05
9.25391687500000000000e+05
9.25287437500000000000e+05
9.25195000000000000000e+05
9.25112937500000000000e+05
9.25016375000000000000e+05
9.24901125000000000000e+05
9.24812375000000000000e+05
9.24726312500000000000e+05
9.24642625000000000000e+05
9.24552125000000000000e+05
9.24475312500000000000e+05
9.24392125000000000000e+05
9.24312375000000000000e+05
9.24231937500000000000e+05
9.24137437500000000000e+05
9.24041000000000000000e+05
9.23931312500000000000e+05
9.23814687500000000000e+05
9.23686812500000000000e+05
9.23541437500000000000e+05
9.23426875000000000000e+05
9.23308500000000000000e+05
9.23223687500000000000e+05
9.23125437500000000000e+05
9.23027750000000000000e+05
9.22937687500000000000e+05
9.22846437500000000000e+05
9.22741250000000000000e+05
9.22643000000000000000e+05
9.22552625000000000000e+05
9.22450000000000000000e+05
9.22336437500000000000e+05
9.22240000000000000000e+05
9.22141625000000000000e+05
9.22042937500000000000e+05
9.21937750000000000000e+05
9.21857562500000000000e+05
9.21759250000000000000e+05
9.21664250000000000000e+05
9.21570375000000000000e+05
9.21470500000000000000e+05
9.21376625000000000000e+05
9.21265062500000000000e+05
9.21160750000000000000e+05
9.21043000000000000000e+05
9.20915937500000000000e+05
9.20797437500000000000e+05
9.20706250000000000000e+05
9.20601812500000000000e+05
9.20481062500000000000e+05
9.20349750000000000000e+05
9.20238312500000000000e+05
9.20119625000000000000e+05
9.20019375000000000000e+05
9.19911000000000000000e+05
9.19833437500000000000e+05
9.19741875000000000000e+05
9.19648750000000000000e+05
9.19538062500000000000e+05
9.19410312500000000000e+05
9.19259125000000000000e+05
9.19169125000000000000e+05
9.19043062500000000000e+05
9.18938250000000000000e+05
9.18817000000000000000e+05
9.18687187500000000000e+05
9.18559750000000000000e+05
9.18389312500000000000e+05
9.18262625000000000000e+05
9.18144000000000000000e+05
9.18030000000000000000e+05
9.17916875000000000000e+05
9.17829250000000000000e+05
9.17744812500000000000e+05
9.17636125000000000000e+05
9.17518687500000000000e+05
9.17438062500000000000e+05
9.17349750000000000000e+05
9.17268375000000000000e+05
9.17133437500000000000e+05
9.16970625000000000000e+05
9.16854625000000000000e+05
9.16732375000000000000e+05
9.16632562500000000000e+05
9.16530312500000000000e+05
9.16440625000000000000e+05
9.16358500000000000000e+05
9.16242125000000000000e+05
9.16081750000000000000e+05
9.15963500000000000000e+05
9.15830000000000000000e+05
9.15721375000000000000e+05
9.15608000000000000000e+05
9.15519625000000000000e+05
9.15422187500000000000e+05
9.15327937500000000000e+05
9.15215125000000000000e+05
9.15139687500000000000e+05
9.15058375000000000000e+05
9.14970750000000000000e+05
9.14856312500000000000e+05
9.14762562500000000000e+05
9.14651625000000000000e+05
9.14559687500000000000e+05
9.14450562500000000000e+05
9.14338000000000000000e+05
9.14189187500000000000e+05
9.14099250000000000000e+05
9.13999500000000000000e+05
9.13898875000000000000e+05
9.13798125000000000000e+05
9.13708250000000000000e+05
9.13610062500000000000e+05
9.13513750000000000000e+05
9.13418687500000000000e+05
9.13328500000000000000e+05
9.13239375000000000000e+05
9.13128125000000000000e+05
9.12997812500000000000e+05
9.12913875000000000000e+05
9.12799125000000000000e+05
9.12709125000000000000e+05
9.12612062500000000000e+05
9.12513312500000000000e+05
9.12424625000000000000e+05
9.12334187500000000000e+05
9.12241062500000000000e+05
9.12147812500000000000e+05
9.12048562500000000000e+05
9.11955000000000000000e+05
9.11871375000000000000e+05
9.11764375000000000000e+05
9.11652250000000000000e+05
9.11493375000000000000e+05
9.11256312500000000000e+05
9.11154750000000000000e+05
9.11066750000000000000e+05
